cam0:
  cam_overlaps: []
  camera_model: pinhole
  distortion_coeffs: [0.2134183620264888, 0.1823614667562227, -0.07412186051719452,
    0.24949645407544727]
  distortion_model: equidistant
  intrinsics: [752.9711102425465, 750.3927101247639, 629.1394474776945, 502.5689599958514]
  resolution: [1280, 1024]
  rostopic: /stereo/left/image_raw
